Starting scan
-66
-63
-69
-70
-68
-62
-67
-67
-67
-65
-63
-67
-65
-62
-65
-63
-61
-70
-66
-63
-75
-67
-63
-70
-67
-65
-68
-66
-66
-71
-66
-63
-68
-67
-63
-67
-64
-71
-67
-63
-67
-64
-72
-66
-68
-66
-65
-67
-66
-64
-67
-66
-64
-68
-62
-66
-65
-63
-67
-64
-70
-64
-61
-66
-63
-67
-66
-64
-70
-65
-62
-67
-64
-64
-69
-67
-65
-69
-70
-63
-69
-67
-64
-67
-66
-64
-64
-66
-64
-62
-65
-63
-61
-63
-76
-67
-63
-76
-67
-64
-70
-71
-67
-64
-71
-67
-66
-73
-68
-62
-68
-64
-66
-64
-63
-67
-71
-69
-62
-68
-72
-67
-65
-66
-67
-65
-67
-67
-65
-66
-67
-65
-66
-66
-67
-65
-68
-71
-62
-65
-66
-70
-69
-63
-69
-66
-63
-68
-62
-67
-66
-64
-72
-67
-66
-63
-65
-68
-63
-69
-70
-66
-69
-63
-67
-68
-63
-68
-68
-63
-67
-68
-63
-67
-66
-63
-68
-68
-63
-68
-65
-72
-65
-65
-72
-67
-63
-65
-64
-62
-63
-64
-63
-64
-64
-61
-65
-66
-65
-63
-66
-66
-63
-66
-66
-63
-66
-65
-65
-66
-65
-63
-67
-66
-64
-66
-46
-66
-65
-63
-65
-65
-65
-63
-67
-65
-69
-67
-66
-65
-64
-66
-65
-64
-67
-65
-66
-65
-66
-66
-64
-65
-65
-64
-65
-65
-64
-66
-66
-63
-65
-63
-65
-65
-64
-65
-65
-65
-66
-66
-68
-66
-63
-65
-66
-64
-68
-63
-67
-64
-69
-65
-69
-68
-68
-68
-64
-68
-68
-64
-68
-64
-67
-67
-64
-66
-66
-67
-65
-63
-67
-67
-65
-67
-65
-67
-66
-66
-67
-67
-66
-67
-67
-66
-67
-67
-67
-67
-65
-68
-67
-66
-65
-65
-65
-65
-65
-64
-64
-64
-63
-66
-65
-65
-67
-68
-66
-66
-69
-65
-64
-67
-65
-67
-67
-66
-68
-67
-66
-66
-64
-65
-64
-64
-68
-66
-62
-63
-64
-64
-63
-64
-64
-64
-65
-66
-66
-66
-66
-67
-66
-65
-66
-64
-64
-65
-65
-63
-65
-65
-64
-65
-65
-65
-66
-66
-65
-65
-65
-64
-62
-64
-65
-64
-64
-65
-63
-63
-65
-65
-65
-62
-64
-65
-63
-66
-64
-64
-65
-67
-65
-66
-65
-68
-68
-66
-69
-67
-66
-70
-70
-68
-67
-67
-66
-64
-64
-64
-62
-66
-65
-64
-66
-65
-64
-65
-64
-67
-67
-65
-64
-67
-66
-63
-66
-65
-63
-67
-64
-68
-66
-63
-66
-65
-63
-64
-65
-63
-65
-66
-69
-60
-63
-69
-67
-61
-66
-67
-65
-70
-65
-67
-66
-63
-66
-69
-65
-67
-63
-65
-69
-62
-66
-66
-74
-67
-64
-68
-68
-64
-66
-68
-66
-66
-70
-67
-66
-68
-64
-66
-69
-64
-67
-65
-68
-74
-67
-63
-65
-65
-64
-70
-68
-62
-69
-72
-68
-65
-68
-64
-63
-72
-68
-69
-64
-69
-68
-63
-69
-68
-68
-65
-70
-66
-64
-70
-66
-64
-71
-68
-65
-67
-64
-75
-65
-63
-70
-66
-66
-68
-66
-78
-69
-63
-76
-67
-66
-76
-69
-63
-70
-63
-75
-72
-66
-66
-66
-68
-65
-65
-68
-68
-69
-65
-69
-69
-63
-68
-67
-68
-68
-65
-67
-67
-66
-65
-69
-69
-63
-69
-68
-67
-80
-68
-62
-71
-68
-68
-67
-63
-76
-69
-64
-72
-72
-71
-65
-72
-70
-64
-68
-68
-65
-76
-68
-66
-70
-68
-67
-70
-67
-64
-70
-67
-66
-69
-67
-66
-67
-68
-67
-67
-71
-65
-69
-68
-70
-63
-69
-68
-65
-69
-65
-71
-67
-64
-72
-68
-64
-72
-67
-64
-71
-67
-69
-65
-66
-68
-65
-63
-70
-67
-64
-69
-66
-65
-72
-66
-62
-67
-64
-71
-67
-66
-71
-67
-66
-64
-72
-69
-62
-65
-67
-66
-65
-67
-66
-66
-67
-62
-67
-67
-68
-68
-67
-67
-67
-65
-67
-66
-66
-68
-66
-66
-69
-68
-64
-63
-67
-66
-67
-65
-67
-66
-68
-66
-68
-67
-65
-69
-67
-64
-69
-67
-70
-67
-64
-69
-67
-71
-70
-72
-72
-70
-66
-70
-67
-65
-71
-66
-61
-68
-65
-67
-66
-67
-68
-66
-68
-64
-68
-66
-67
-68
-66
-66
-66
-66
-66
-68
-66
-66
-68
-67
-67
-67
-65
-69
-69
-68
-72
-72
-69
-65
-68
-68
-66
-67
-68
-66
-68
-68
-65
-68
-65
-69
-68
-66
-69
-64
-68
-68
-66
-68
-68
-66
-70
-66
-69
-69
-70
-70
-68
-71
-70
-69
-68
-68
-69
-68
-67
-66
-66
-66
-67
-67
-67
-66
-67
-68
-67
-67
-68
-68
-67
-68
-68
-66
-68
-69
-68
-67
-68
-66
-67
-67
-67
-68
-69
-68
-73
-69
-67
-67
-70
-69
-67
-70
-69
-68
-70
-69
-67
-71
-69
-66
-72
-68
-72
-69
-68
-71
-70
-68
-72
-70
-68
-70
-68
-72
-69
-68
-72
-70
-72
-70
-68
-72
-70
-66
-74
-70
-72
-68
-69
-71
-69
-68
-71
-70
-68
-71
-69
-68
-72
-69
-68
-71
-68
-72
-67
