Starting scan
-61
-66
-62
-65
-67
-66
-66
-62
-65
-67
-62
-66
-67
-62
-65
-67
-62
-65
-67
-66
-62
-66
-62
-65
-65
-65
-65
-66
-61
-65
-66
-61
-65
-65
-66
-66
-61
-65
-66
-62
-67
-62
-65
-66
-62
-65
-66
-61
-65
-61
-65
-66
-65
-66
-61
-66
-61
-66
-61
-65
-66
-65
-66
-66
-60
-65
-66
-61
-65
-67
-61
-65
-67
-61
-65
-67
-61
-65
-67
-61
-64
-67
-65
-67
-61
-64
-67
-60
-65
-67
-64
-66
-61
-64
-66
-65
-66
-61
-64
-66
-61
-64
-67
-62
-65
-66
-61
-66
-65
-66
-65
-67
-61
-67
-61
-65
-67
-61
-65
-61
-67
-60
-65
-61
-65
-66
-66
-59
-64
-66
-61
-65
-66
-61
-64
-66
-61
-64
-61
-61
-64
-66
-64
-66
-61
-66
-61
-64
-61
-66
-64
-66
-62
-62
-65
-61
-65
-66
-61
-66
-65
-66
-61
-66
-61
-65
-66
-61
-65
-67
-61
-64
-67
-61
-63
-64
-64
-67
-66
-61
-66
-61
-65
-61
-60
-66
-61
-66
-61
-65
-61
-65
-66
-61
-65
-66
-60
-66
-60
-66
-66
-60
-65
-66
-60
-65
-67
-61
-65
-67
-61
-64
-67
-61
-61
-64
-61
-64
-66
-64
-66
-61
-65
-66
-61
-66
-61
-65
-67
-61
-65
-66
-61
-65
-67
-62
-65
-66
-61
-65
-66
-61
-68
-65
-61
-69
-66
-60
-66
-65
-64
-61
-65
-65
-61
-64
-66
-61
-65
-66
-61
-65
-67
-61
-65
-61
-66
-66
-66
-66
-61
-66
-61
-66
-66
-61
-65
-62
-64
-66
-61
-65
-66
-61
-65
-66
-61
-66
-66
-66
-61
-66
-66
-66
-66
-66
-61
-66
-66
-57
-65
-66
-61
-65
-66
-61
-65
-61
-66
-66
-65
-67
-61
-65
-67
-61
-65
-66
-61
-65
-67
-61
-65
-67
-61
-65
-67
-61
-65
-67
-61
-65
-66
-61
-65
-61
-65
-67
-61
-65
-65
-66
-65
-66
-61
-65
-61
-65
-66
-65
-66
-61
-66
-61
-61
-65
-61
-65
-61
-65
-66
-65
-67
-61
-65
-66
-61
-66
-61
-66
-61
-65
-66
-61
-65
-67
-65
-67
-61
-66
-66
-61
-65
-61
-66
-66
-66
-66
-61
-66
-61
-66
-61
-66
-66
-65
-66
-66
-66
-61
-66
-67
-61
-65
-66
-61
-67
-61
-64
-61
-65
-67
-61
-66
-61
-66
-61
-65
-61
-65
-65
-61
-66
-65
-61
-65
-65
-62
-65
-66
-61
-64
-66
-61
-65
-66
-61
-65
-66
-61
-65
-66
-61
-65
-61
-66
-61
-65
-66
-61
-65
-66
-61
-65
-66
-61
-65
-61
-64
-66
-61
-65
-66
-66
-61
-61
-65
-66
-66
-66
-67
-61
-66
-66
-61
-64
-66
-61
-65
