Starting scan
-68
-70
-64
-85
-71
-80
-64
-71
-83
-64
-70
-81
-70
-65
-71
-82
-79
-64
-79
-65
-70
-65
-70
-77
-65
-70
-75
-65
-69
-66
-70
-76
-70
-77
-76
-65
-70
-76
-65
-76
-65
-70
-77
-65
-70
-65
-70
-77
-70
-77
-65
-76
-65
-70
-76
-65
-70
-76
-65
-70
-77
-65
-70
-76
-70
-65
-65
-77
-65
-70
-65
-70
-77
-76
-65
-70
-65
-71
-76
-70
-77
-65
-70
-77
-65
-70
-78
-77
-65
-78
-66
-70
-77
-65
-70
-77
-65
-77
-65
-65
-78
-70
-77
-65
-77
-65
-70
-65
-70
-77
-65
-70
-77
-65
-71
-65
-70
-70
-77
-70
-77
-65
-70
-77
-65
-70
-77
-70
-77
-77
-65
-70
-75
-65
-70
-77
-65
-77
-65
-65
-70
-77
-65
-77
-65
-70
-77
-65
-70
-77
-70
-70
-77
-66
-76
-70
-77
-65
-70
-77
-70
-77
-65
-70
-65
-70
-70
-76
-65
-70
-77
-65
-70
-77
-70
-77
-65
-77
-65
-70
-77
-77
-65
-77
-65
-70
-65
-70
-65
-70
-76
-65
-70
-65
-71
-70
-76
-71
-75
-65
-70
-75
-60
-70
-76
-65
-71
-77
-65
-70
-77
-65
-65
-70
-77
-78
-71
-77
-65
-65
-76
-65
-71
-78
-65
-71
-78
-65
-65
-65
-70
-65
-70
-77
-65
-70
-65
-70
-76
-70
-76
-65
-65
-70
-71
-76
-65
-70
-76
-65
-70
-76
-65
-71
-76
-65
-65
-76
-65
-76
-65
-70
-77
-65
-70
-65
-70
-65
-70
-76
-65
-70
-65
-70
-76
-65
-70
-65
-77
-65
-76
-65
-70
-77
-65
-70
-75
-65
-70
-77
-65
-70
-76
-65
-70
-65
-70
-75
-70
-77
-65
-70
-77
-66
-70
-77
-65
-70
-77
-65
-70
-77
-65
-70
-77
-65
-65
-70
-65
-70
-70
-77
-65
-65
-65
-70
-76
-70
-65
-77
-65
-70
-77
-65
-65
-70
-70
-78
-69
-77
-65
-70
-77
-65
-70
-77
-70
-77
-65
-70
-65
-70
-77
-77
-65
-70
-65
-70
-78
-70
-77
-65
-70
-77
-65
-70
-77
-65
-70
-77
-65
-78
-65
-65
-70
-65
-70
-77
-70
-77
-65
-65
-77
-65
-70
-65
-70
-78
-65
-70
-77
-65
-70
-65
-70
-77
-70
-77
-65
-77
-65
-70
-70
-77
-65
-70
-78
-65
-70
-65
-70
-77
-70
-77
-70
-77
-65
-70
-78
-65
-70
-77
-65
-70
-77
-65
-77
-65
-70
-77
-70
-70
-77
-65
-77
-65
-70
-77
-65
-70
-76
-70
-77
-62
-61
-70
-70
-77
-70
-65
-70
-76
-65
-70
-76
-65
-70
-76
-65
-70
-76
-65
-70
-65
-65
-78
-70
-76
-65
-78
-65
-70
