Starting scan
-83
-66
-68
-81
-66
-68
-80
-66
-68
-83
-66
-66
-68
-84
-66
-67
-66
-68
-66
-66
-84
-66
-67
-84
-67
-68
-86
-66
-67
-86
-66
-68
-87
-66
-68
-86
-67
-68
-86
-86
-66
-84
-67
-67
-68
-67
-67
-68
-86
-69
-67
-91
-66
-84
-66
-67
-67
-82
-65
-80
-65
-67
-65
-67
-82
-65
-66
-79
-65
-77
-67
-68
-67
-68
-75
-66
-68
-77
-67
-68
-78
-66
-68
-77
-66
-68
-75
-66
-68
-75
-66
-68
-77
-66
-67
-76
-67
-66
-75
-66
-67
-76
-66
-68
-66
-67
-67
-75
-66
-75
-66
-66
-68
-67
-66
-68
-74
-68
-75
-66
-68
-66
-66
-77
-77
-66
-66
-68
-75
-68
-76
-66
-68
-76
-67
-68
-77
-66
-68
-67
-68
-77
-68
-66
-76
-68
-75
-66
-68
-76
-66
-76
-66
-67
-66
-68
-76
-66
-68
-75
-66
-68
-75
-66
-68
-75
-66
-75
-68
-67
-66
-68
-76
-68
-76
-66
-76
-66
-67
-75
-67
-68
-76
-66
-67
-78
-66
-68
-75
-66
-67
-75
-66
-68
-76
-66
-68
-75
-66
-67
-75
-66
-68
-75
-66
-68
-75
-68
-67
-77
-66
-67
-67
-67
-76
-67
-66
-77
-67
-77
-67
-67
-77
-67
-66
-77
-66
-66
-75
-66
-68
-75
-66
-67
-77
-68
-75
-67
-77
-66
-66
-68
-75
-66
-68
-66
-68
-75
-66
-68
-66
-75
-66
-68
-75
-66
-68
-75
-66
-68
-76
-66
-68
-75
-66
-68
-78
-66
-67
-77
-66
-68
-76
-66
-68
-77
-66
-76
-66
-67
-76
-66
-68
-66
-68
-76
-66
-68
-77
-66
-67
-78
-68
-77
-66
-68
-77
-66
-77
-66
-68
-76
-66
-68
-76
-66
-77
-66
-68
-77
-66
-68
-78
-66
-68
-76
-66
-68
-77
-66
-68
-77
-78
-66
-68
-76
-66
-66
-67
-79
-66
-67
-76
-66
-68
-76
-67
-66
-68
-76
-67
-68
-76
-66
-68
-76
-67
-68
-67
-67
-78
-67
-77
-67
-68
-76
-68
-77
-66
-68
-77
-66
-68
-77
-67
-68
-76
-66
-66
-68
-76
-66
-68
-76
-67
-68
-77
-66
-68
-75
-66
-66
-68
-75
-68
-75
-66
-75
-66
-68
-68
-68
-75
-68
-75
-66
-75
-66
-66
-68
-66
-68
-76
-67
-77
-66
-76
-66
-67
-75
-66
-68
-66
-69
-77
-66
-69
-76
-66
-69
-79
-67
-69
-78
-68
-69
-77
-67
-70
-78
-65
-68
-68
-78
-64
-67
-78
-65
-78
-64
-67
-76
-65
-67
-76
-65
-67
-75
-66
-65
-67
-74
-65
-75
-65
-66
-78
-64
-66
-67
-74
-67
-67
-81
-66
-67
-67
-67
-66
-67
-80
-67
-66
