Starting scan
-69
-70
-78
-69
-70
-70
-79
-68
-81
-85
-68
-74
-71
-83
-75
-74
-69
-71
-73
-69
-70
-76
-70
-70
-75
-68
-68
-77
-69
-70
-78
-70
-71
-78
-69
-71
-73
-81
-71
-77
-81
-70
-70
-69
-80
-70
-78
-70
-70
-80
-68
-68
-67
-69
-79
-70
-71
-77
-68
-68
-68
-84
-68
-68
-77
-68
-73
-74
-74
-73
-70
-74
-75
-69
-70
-80
-69
-72
-78
-69
-69
-79
-71
-72
-77
-68
-69
-83
-68
-69
-79
-68
-68
-82
-68
-69
-78
-68
-69
-80
-68
-70
-68
-68
-69
-77
-69
-70
-77
-67
-69
-68
-69
-76
-68
-69
-76
-69
-69
-76
-68
-69
-76
-68
-69
-74
-76
-75
-70
-71
-75
-70
-74
-70
-70
-75
-69
-70
-73
-71
-76
-70
-70
-76
-70
-70
-70
-73
-69
-78
-68
-70
-86
-69
-69
-86
-69
-70
-88
-69
-70
-69
-87
-70
-88
-70
-87
-69
-70
-87
-68
-68
-76
-68
-70
-77
-70
-71
-71
-71
-73
-71
-69
-77
-69
-74
-71
-73
-73
-74
-71
-71
-73
-69
-73
-72
-74
-74
-71
-74
-72
-72
-74
-70
-72
-72
-72
-73
-73
-73
-71
-75
-69
-74
-72
-71
-72
-74
-72
-72
-73
-71
-73
-74
-70
-73
-73
-72
-73
-74
-71
-74
-78
-70
-72
-74
-74
-74
-74
-71
-74
-73
-73
-73
-71
-74
-72
-72
-72
-72
-74
-71
-72
-73
-73
-73
-72
-74
-73
-73
-71
-72
-70
-71
-72
-70
-72
-73
-72
-73
-70
-76
-69
-71
-76
-70
-70
-76
-70
-72
-78
-71
-76
-71
-76
-71
-72
-76
-73
-76
-70
-73
-75
-75
-71
-71
-75
-75
-73
-76
-75
-72
-73
-74
-71
-74
-74
-71
-74
-74
-74
-80
-72
-79
-70
-76
-69
-73
-74
-71
-73
-75
-71
-73
-75
-72
-75
-71
-74
-74
-70
-73
-71
-72
-75
-72
-74
-71
-71
-78
-71
-70
-72
-72
-73
-74
-74
-77
-72
-72
-71
-73
-73
-75
-71
-72
-72
-70
-72
-70
-77
-69
-71
-75
-70
-72
-72
-72
-69
-70
-74
-72
-76
-72
-72
-76
-70
-71
-71
-74
-71
-72
-75
-71
-70
-75
-71
-71
-75
-71
-71
-74
-50
-70
-74
-70
-70
-76
-70
-71
-76
-70
-71
-74
-71
-70
-76
-71
-71
-76
-71
-71
-70
-71
-76
-70
-70
-76
-70
-71
-75
-70
-70
-76
-70
-75
-70
-75
-71
-71
-75
-71
-74
-70
-76
-72
-71
-71
-71
-71
-75
-75
-71
-76
-71
-75
-71
-70
-71
-71
-71
-76
-69
-71
-76
-71
-71
-75
-71
-75
-71
-70
-76
-71
-76
-71
