Starting scan
-73
-75
-72
-74
-73
-71
-73
-73
-72
-74
-75
-72
-73
-72
-74
-75
-72
-72
-74
-75
-74
-74
-73
-73
-75
-72
-72
-73
-75
-72
-74
-75
-72
-74
-72
-74
-72
-74
-73
-72
-74
-76
-71
-71
-73
-74
-72
-74
-72
-74
-74
-74
-72
-75
-74
-72
-75
-76
-72
-72
-76
-72
-74
-74
-72
-73
-73
-74
-73
-72
-74
-73
-72
-74
-73
-74
-78
-70
-74
-78
-70
-75
-80
-70
-75
-85
-71
-76
-80
-71
-79
-71
-73
-76
-73
-74
-75
-74
-72
-75
-75
-74
-79
-74
-78
-74
-72
-76
-76
-75
-72
-76
-75
-73
-77
-76
-74
-76
-73
-73
-77
-73
-79
-77
-75
-73
-73
-74
-75
-74
-73
-72
-74
-72
-74
-75
-73
-73
-75
-73
-73
-75
-73
-73
-78
-73
-73
-78
-73
-73
-78
-73
-73
-73
-73
-75
-73
-73
-75
-73
-75
-73
-73
-73
-73
-75
-72
-72
-75
-73
-72
-75
-72
-72
-77
-77
-72
-72
-72
-73
-75
-72
-72
-75
-73
-73
-75
-72
-77
-72
-73
-75
-73
-75
-73
-72
-76
-73
-73
-75
-73
-73
-78
-73
-72
-75
-73
-73
-75
-72
-75
-73
-72
-78
-73
-73
-76
-73
-72
-76
-74
-76
-73
-72
-75
-73
-73
-75
-73
-73
-75
-73
-73
-76
-73
-73
-76
-74
-73
-76
-74
-72
-76
-73
-74
-73
-73
-76
-73
-73
-76
-74
-73
-72
-76
-73
-72
-75
-73
-73
-78
-73
-72
-72
-72
-79
-72
-78
-73
-73
-75
-73
-73
-75
-73
-72
-73
-72
-75
-73
-72
-76
-73
-73
-73
-73
-78
-73
-73
-76
-73
-73
-75
-73
-73
-75
-74
-73
-76
-73
-76
-73
-73
-76
-73
-73
-76
-73
-73
-76
-73
-73
-76
-73
-73
-75
-73
-73
-75
-75
-72
-72
-75
-72
-72
-75
-73
-73
-75
-72
-72
-72
-78
-72
-73
-72
-72
-75
-73
-72
-75
-73
-75
-75
-73
-73
-73
-73
-73
-73
-73
-72
-74
-76
-73
-73
-75
-73
-74
-76
-73
-73
-73
-77
-73
-73
-75
-74
-73
-76
-73
-74
-75
-73
-74
-73
-74
-76
-73
-73
-76
-73
-74
-75
-73
-78
-74
-73
-75
-74
-75
-75
-72
-73
-75
-73
-74
-73
-73
-73
-76
-75
-72
-73
-80
-69
-76
-79
-67
-73
-81
-75
-89
-75
-76
-90
-76
-78
-73
-76
-77
-74
-77
-92
-74
-78
-78
-76
-77
-73
-77
-73
-73
-73
-73
-78
-78
-73
-79
-91
-73
-78
-73
-78
-89
-73
-88
-72
-77
-72
-77
-72
-78
-72
-77
-78
-90
-71
-78
-91
-72
-78
-77
-72
-79
-73
-78
-87
-73
-78
-73
-77
-73
-76
-73
-77
-88
-73
-78
-77
-74
-78
-87
-74
-74
-75
-75
-78
-89
-71
-77
-91
-71
-78
-84
-72
-73
-77
-72
-72
-80
-76
-77
-72
-78
-71
-79
-84
-72
-86
-77
-73
-88
-72
-81
-86
-77
-86
-73
-78
-73
-77
-88
-76
-80
-85
-79
-84
-73
-77
-78
-91
-73
-78
-85
-73
-79
-89
-73
-80
-87
-73
-79
-86
-73
-79
-84
-73
-89
-88
-72
-77
-73
-79
-86
-76
-79
-78
-84
-73
-78
-73
-86
-73
-88
-79
-88
-73
-78
-90
-76
-73
-79
-89
-74
-79
-89
-74
-78
-90
-73
-78
-73
-79
-88
-78
-90
-72
-78
-84
-73
-78
-87
-75
-77
-87
-76
-72
-77
-89
-72
-77
-86
-73
-77
-73
-77
-76
-84
-76
-77
-87
-73
-79
-84
-72
-73
-79
-73
-73
-78
-74
-79
-91
-73
-90
-76
-79
-87
-73
-78
-73
-78
-88
-73
-78
-88
-73
-78
-73
-78
-87
-73
-78
-85
-76
-78
-84
-73
-77
-73
-73
-78
-73
-78
-87
-73
-85
-73
-86
-72
-76
-85
-72
-77
-87
-73
-77
-86
-72
-75
-76
-87
-77
-91
-72
-77
-72
-77
-86
-86
-72
-77
-71
-78
-84
-73
-92
-77
-90
-73
-78
-89
-78
-74
-77
-84
-71
-86
-71
-71
-77
-85
-71
-77
-77
-86
-71
-78
-71
-78
-85
-71
-77
-77
-84
-71
-77
-84
-73
-77
-85
-71
-77
-86
-77
-86
-71
-77
-72
-77
-85
-77
-95
-73
-77
-85
-75
-78
-72
-86
-72
-77
-72
-78
-85
-72
-72
-77
-73
-76
-73
-77
-78
-73
-77
-88
-73
-76
-89
-72
-73
-78
-76
-79
-89
-74
-88
-73
-73
-76
-88
-73
-78
-87
-72
-79
-85
-79
-73
-78
-88
-73
-78
-85
-79
-86
-78
-89
-72
-78
-87
-88
-72
-78
-85
-72
-78
-85
-72
-77
-87
-88
-72
-77
-87
-72
-77
-85
-78
-72
-77
-88
-72
-89
-72
-78
-87
-72
-87
-72
-78
-88
-72
-77
-88
-72
-78
-72
-78
-88
-72
-88
-71
-78
-90
-72
-78
-76
-73
