Starting scan
-70
-59
-64
-73
-58
-72
-59
-74
-64
-72
-58
-58
-64
-75
-59
-63
-73
-58
-58
-63
-73
-59
-63
-74
-74
-58
-64
-74
-64
-72
-58
-62
-74
-59
-63
-75
-59
-62
-75
-59
-64
-76
-58
-63
-75
-71
-62
-72
-58
-62
-70
-58
-65
-72
-59
-64
-59
-65
-70
-59
-62
-72
-58
-65
-75
-64
-59
-63
-71
-58
-64
-63
-76
-59
-65
-70
-59
-62
-59
-64
-58
-62
-70
-58
-63
-68
-58
-63
-73
-58
-63
-73
-59
-73
-58
-62
-59
-63
-77
-59
-63
-79
-59
-63
-75
-59
-63
-63
-75
-59
-63
-75
-58
-62
-73
-59
-62
-59
-63
-74
-59
-75
-58
-62
-75
-62
-75
-59
-59
-62
-58
-62
-73
-59
-63
-74
-58
-62
-74
-59
-63
-74
-59
-74
-59
-59
-63
-74
-63
-74
-59
-63
-74
-59
-63
-74
-59
-64
-74
-59
-63
-74
-59
-63
-59
-63
-74
-59
-63
-74
-59
-63
-59
-64
-59
-63
-74
-59
-64
-74
-59
-63
-74
-59
-63
-74
-59
-63
-73
-59
-63
-73
-59
-63
-73
-59
-63
-73
-59
-63
-73
-59
-63
-73
-59
-59
-63
-73
-59
-63
-73
-59
-72
-59
-64
-72
-59
-64
-73
-59
-63
-72
-59
-72
-59
-63
-72
-64
-64
-59
-64
-71
-44
-71
-59
-59
-64
-73
-59
-63
-72
-59
-64
-72
-59
-63
-63
-72
-59
-63
-59
-64
-72
-59
-63
-72
-63
-72
-59
-64
-72
-59
-63
-72
-59
-63
-73
-59
-63
-73
-59
-63
-59
-63
-72
-59
-63
-72
-59
-64
-71
-59
-64
-71
-59
-64
-71
-72
-59
-64
-72
-59
-64
-71
-59
-64
-71
-59
-71
-59
-71
-59
-63
-71
-59
-71
-59
-63
-71
-64
-71
-59
-63
-59
-63
-71
-59
-63
-70
-59
-64
-70
-59
-59
-64
-71
-59
-63
-71
-59
-64
-71
-59
-64
-71
-59
-64
-64
-71
-59
-71
-57
-65
-71
-59
-64
-59
-64
-71
-59
-64
-59
-64
-72
-63
-63
-69
-59
-63
-72
-62
-68
-60
-63
-75
-58
-64
-58
-63
-79
-59
-62
-74
-62
-73
-59
-63
-69
-59
-64
-69
-59
-70
-71
-59
-63
-70
-59
-62
-71
-60
-62
-69
-60
-62
-62
-70
-59
-62
-70
-60
-62
-70
-60
-63
-72
-59
-63
-71
-59
-64
-70
-59
-72
-64
-74
-59
-63
-74
-60
-62
-70
-60
-62
-70
-60
-62
-71
-60
-62
-70
-60
-63
-68
-60
-62
-71
-59
-63
-75
-59
-63
-70
-59
-63
-73
-59
-64
-71
-59
-64
-73
-59
-63
-59
-64
-76
-58
-63
-63
-75
-59
-63
-73
-59
-63
-59
-73
-59
-63
-76
-72
-69
-64
-69
-39
-64
-70
-59
-64
-70
-59
-64
-69
-58
-63
-69
-58
-64
-64
-70
-58
-63
-71
-59
-69
-58
-64
-70
-58
-64
-72
-58
-59
-64
-72
-59
-59
-63
-59
-74
-74
-63
-74
-63
-73
-62
-77
-59
-62
-73
-60
-63
-71
-59
-64
-72
-63
-73
-59
-63
-73
-63
-59
-64
-73
-59
-63
-74
-59
-64
-74
-59
-61
-75
-59
-62
-71
-59
-72
-59
-62
-72
-59
-62
-59
-73
-59
-62
-71
-59
-62
-71
-59
-59
-62
-59
-62
-71
-58
-62
-73
-58
-73
-63
-62
-72
-59
-63
-75
-59
-63
-59
-62
-73
-59
-62
-75
-59
-62
-74
-59
-62
-73
-59
-62
-73
-59
-64
-73
-59
-62
-74
-59
-63
-74
-59
-62
-71
-59
-62
-71
-59
-65
-74
-58
-72
-63
-74
-59
-64
-71
-59
-64
-72
-59
-65
-73
-59
-63
-64
-59
-64
-74
-59
-74
-59
-64
-75
-59
-64
-73
-59
-64
-69
-59
-63
-73
-59
-64
-72
-58
-65
-69
-58
-59
-64
-70
-59
-63
-72
-59
-68
-69
-64
-71
-58
-63
-70
-58
-63
-73
-59
-69
-58
-63
-71
-64
-71
-58
-64
-59
-63
-70
-59
-63
-74
-59
-63
-74
-74
-59
-65
-71
-59
-70
-59
-71
-59
-63
-59
-63
-72
-63
-59
-74
-59
-62
-70
-59
-63
-74
-59
-62
-59
-61
-62
-71
-59
-62
-75
-58
-64
-56
-64
-72
-59
-63
-72
-59
-62
-74
-59
-63
-73
-59
-63
-76
-59
-63
-72
-59
-62
-74
-59
-62
-75
-59
-62
-75
-59
-59
-63
-71
-59
-63
-74
-59
-63
-73
-59
-64
-71
-59
-63
-71
-59
-63
-73
-73
-73
-59
-63
-73
-59
-63
-73
-59
-63
-73
-59
-63
-74
-74
-63
-74
-59
-63
-74
-59
-62
-74
-59
-62
-74
-58
-75
-63
-76
-58
-63
-58
-63
-77
-59
-63
-77
-59
-64
-63
-63
-74
-59
-65
-74
-59
-64
-74
-59
-64
-74
-59
-74
-74
-59
-63
-74
-59
-65
-74
-59
-64
-74
-73
-64
-73
-59
-63
-74
-59
-64
-74
-74
-59
-64
-71
-59
-64
-73
-59
-63
-59
-65
-72
-59
-64
-72
-63
-73
-59
-62
-73
-59
-61
-73
-60
-62
-59
-63
-72
-59
-64
-71
-59
-69
-58
-61
-71
-58
-71
-60
-63
-59
-62
-72
-59
-62
-71
-73
-59
-62
-73
-59
-73
-62
-73
-59
-62
-73
-59
-62
-73
-60
-63
-59
