Starting scan
-67
-67
-67
-69
-67
-71
-66
-66
-69
-68
-73
-69
-68
-69
-67
-68
-71
-69
-67
-70
-66
-67
-70
-70
-67
-71
-69
-67
-69
-68
-67
-69
-65
-67
-69
-69
-67
-69
-68
-68
-70
-67
-67
-68
-70
-68
-70
-69
-68
-70
-68
-67
-73
-70
-68
-71
-68
-68
-71
-67
-67
-71
-68
-70
-68
-70
-69
-69
-68
-67
-68
-67
-72
-69
-68
-68
-69
-67
-71
-70
-68
-66
-66
-69
-67
-69
-68
-71
-68
-67
-69
-70
-66
-68
-69
-67
-66
-67
-67
-68
-67
-69
-69
-68
-67
-71
-70
-68
-69
-69
-68
-68
-68
-69
-70
-69
-70
-70
-67
-71
-70
-66
-69
-70
-68
-67
-69
-69
-65
-69
-66
-68
-69
-67
-66
-69
-69
-73
-69
-72
-68
-75
-68
-72
-66
-66
-70
-68
-66
-67
-66
-68
-67
-68
-67
-68
-65
-67
-67
-68
-67
-69
-68
-66
-72
-68
-77
-67
-67
-69
-68
-70
-68
-68
-69
-65
-68
-69
-68
-68
-67
-68
-68
-66
-67
-67
-68
-71
-66
-66
-69
-68
-67
-68
-70
-69
-65
-67
-68
-67
-71
-69
-69
-71
-68
-67
-72
-68
-68
-66
-71
-69
-68
-69
-69
-69
-72
-68
-67
-65
-70
-68
-65
-68
-67
-72
-68
-66
-67
-70
-67
-69
-68
-65
-68
-68
-67
-72
-69
-69
-70
-69
-71
-69
-67
-74
-70
-67
-71
-69
-65
-80
-68
-70
-66
-69
-71
-66
-68
-70
-68
-71
-70
-69
-73
-68
-68
-71
-70
-71
-70
-69
-69
-67
-67
-69
-67
-68
-69
-68
-72
-71
-70
-72
-71
-68
-70
-69
-68
-70
-69
-67
-67
-71
-69
-67
-69
-68
-69
-70
-69
-68
-72
-68
-71
-69
-67
-69
-70
-67
-67
-70
-67
-68
-67
-68
-68
-69
-68
-64
-69
-67
-67
-68
-68
-70
-74
-66
-69
-69
-68
-67
-66
-69
-67
-69
-69
-67
-67
-72
-68
-71
-67
-68
-69
-67
-66
-71
-67
-67
-71
-67
-68
-71
-67
-67
-70
-67
-67
-70
-67
-69
-67
-71
-67
-70
-67
-69
-67
-67
-70
-67
-67
-67
-67
-67
-69
-68
-67
-61
-67
-70
-68
-67
-70
-67
-67
-69
-68
-71
-69
-70
-68
-68
-70
-68
-68
-70
-68
-70
-70
-70
-71
-69
-71
-66
-68
-70
-66
-68
-70
-66
-68
-71
-66
-67
-71
-66
-67
-69
-66
-68
-69
-66
-66
-69
-66
-67
-69
-66
-67
-69
-66
-66
-65
-70
-66
-66
-68
-66
-69
-70
-71
-66
-69
-73
-67
-68
-67
-67
-70
-70
-69
-68
-70
-70
-68
-67
-70
-69
-69
-67
-69
-69
-70
-66
-68
-70
-69
-70
-69
-73
-70
-66
-64
-66
-71
-68
-67
-68
-71
-70
-68
-68
-69
-70
-65
-68
-67
-67
-71
-72
-68
-69
-66
-66
-65
-69
-65
-71
-68
-69
-68
-69
-68
-66
-69
-65
-67
-68
-68
-67
-67
-68
-67
-69
-69
-68
-68
-67
-69
-70
-69
-68
-70
-70
-67
-68
-68
-67
-67
-70
-66
-65
-70
-67
-66
-68
-68
-72
-69
-65
-65
-68
-69
-72
-69
-66
-71
-68
-65
-68
-70
-69
-69
-70
-68
-69
-70
-71
-68
-67
-70
-67
-68
-69
-69
-68
-69
-69
-71
-69
-70
-70
-69
-70
-68
-69
-71
-71
-70
-70
-69
-68
-69
-68
-70
-69
-68
-70
-69
-68
-70
-71
-69
-71
-68
-70
-71
-67
-70
-73
-67
-71
-71
-67
-70
-68
-70
-69
-68
-68
-69
-68
-69
-71
-63
-51
-72
-68
-71
-73
-67
-71
-73
-67
-71
-71
-67
-71
-72
-67
-70
-74
-67
-70
-74
-70
-73
-67
-70
-73
-66
-70
-74
-66
-69
-75
-67
-69
-75
-67
-70
-72
-67
-70
-71
-67
-69
-72
-67
-69
-72
-66
-70
-73
-66
-71
-72
-66
-71
-70
-71
-70
-71
-66
-70
-71
-67
-73
-70
-68
-70
-71
-66
-67
-67
-72
-66
-67
-71
-67
-73
-68
-68
-70
-70
-70
-67
-69
-71
-67
-70
-66
-67
-68
-68
-68
-67
-68
-69
-68
-67
-69
-67
-70
-70
-70
-71
-69
-70
-68
-68
-70
-67
-68
-67
-70
-70
-71
-67
-69
-67
-69
-70
-67
-68
-70
-67
-68
-70
-67
-70
-69
-68
-70
-70
-69
-67
-68
-67
-66
-67
-66
-67
-70
-67
-68
-69
-70
-69
-68
-69
-67
-69
-69
-68
-69
-69
-68
-70
-68
-69
-68
-67
-70
-67
-67
-69
-68
-69
-68
-71
-69
-69
-68
-68
-68
-69
-67
-68
-68
-68
-69
-68
-67
-69
-67
-69
-71
-67
-70
-69
-68
-70
-69
-67
-68
-67
-69
-67
-71
-69
-67
-69
-67
-68
-70
-67
-70
-69
-67
-70
-67
-71
-68
-67
-72
-68
-67
-70
-69
-67
-68
-67
-70
-69
-67
-69
-69
-67
-69
-69
-69
-68
-70
-69
-67
-66
-71
-67
-68
-68
-66
-68
-72
-66
-70
-68
-68
-71
-68
-66
-67
-67
-69
-67
-68
-70
-67
-71
-69
-68
-71
-68
-67
-67
-70
-67
-67
-69
-66
-69
-71
-68
-68
-69
-66
-64
-63
-67
-71
-63
-61
-71
-68
-71
-69
-68
-71
-68
-66
-64
-66
-66
-65
-66
-66
-66
-69
-66
-70
-70
-68
-68
-69
-65
-67
-67
-68
-66
-70
-69
-68
-66
-68
-66
-70
-69
-71
-68
-64
-66
-66
-65
-65
-66
-67
-65
-68
-66
-67
