Starting scan
-57
-58
-58
-61
-58
-58
-59
-58
-59
-61
-59
-61
-59
-61
-58
-59
-57
-58
-64
-58
-58
-63
-58
-63
-58
-59
-57
-58
-58
-58
-63
-58
-62
-58
-59
-62
-57
-58
-63
-63
-58
-63
-57
-64
-57
-56
-62
-57
-64
-57
-57
-59
-58
-61
-57
-57
-64
-57
-64
-57
-63
-57
-57
-64
-57
-57
-63
-57
-57
-64
-55
-63
-57
-57
-64
-57
-57
-58
-58
-58
-63
-58
-62
-58
-58
-61
-58
-62
-58
-58
-62
-57
-58
-63
-57
-62
-55
-58
-62
-58
-58
-62
-57
-57
-57
-57
-58
-62
-58
-63
-58
-58
-58
-58
-63
-58
-58
-63
-57
-64
-58
-58
-58
-58
-63
-58
-63
-63
-58
-63
-58
-58
-58
-58
-59
-62
-58
-58
-60
-58
-58
-62
-58
-58
-63
-58
-58
-62
-58
-58
-63
-58
-63
-57
-58
-57
-58
-63
-58
-58
-62
-58
-58
-62
-58
-58
-63
-58
-63
-58
-58
-63
-58
-62
-58
-63
-58
-57
-57
-57
-64
-62
-58
-63
-57
-57
-64
-57
-57
-64
-58
-64
-57
-57
-63
-58
-58
-58
-63
-58
-58
-58
-58
-63
-58
-58
-57
-57
-64
-64
-57
-64
-57
-57
-57
-64
-57
-57
-58
-58
-64
-57
-57
-64
-58
-58
-63
-58
-58
-60
-58
-58
-63
-58
-64
-57
-64
-64
-57
-57
-64
-57
-57
-65
-57
-57
-63
-57
-57
-64
-57
-58
-64
-57
-57
-64
-57
-64
-57
-58
-58
-58
-63
-63
-58
-63
-58
-63
-58
-58
-58
-58
-63
-64
-58
-63
-63
-57
-63
-57
-58
-63
-57
-58
-64
-57
-58
-63
-57
-59
-62
-57
-58
-63
-58
-58
-63
-57
-63
-63
-58
-58
-58
-57
-63
-63
-58
-63
-57
-63
-57
-58
-58
-58
-62
-56
-62
-58
-57
-58
-57
-58
-64
-58
-65
-57
-64
-57
-58
-57
-57
-64
-57
-58
-64
-58
-64
-57
-57
-58
-63
-57
-59
-63
-57
-57
-58
-57
-63
-57
-57
-63
-57
-58
-62
-58
-57
-62
-58
-58
-62
-58
-58
-63
-58
-58
-62
-58
-58
-62
-58
-58
-62
-58
-58
-62
-59
-62
-58
-59
-62
-58
-58
-58
-58
-62
-58
-59
-62
-58
-59
-63
-57
-58
-63
-58
-58
-57
-57
-64
-57
-64
-58
-58
-65
-57
-57
-57
-57
-64
-57
-57
-57
-65
-58
-64
-57
-64
-57
-57
-65
-57
-58
-63
-59
-62
-58
-58
-62
-58
-58
-62
-58
-58
-62
-58
-58
-62
-58
-58
-63
-57
-58
-57
-58
-57
-58
-64
-57
-58
-57
-64
-58
-58
-64
-57
-58
-64
-57
-58
-57
-58
-64
-57
-64
-57
-58
-62
-58
-58
-62
-58
-58
