Starting scan
-67
-80
-64
-66
-81
-63
-68
-72
-64
-67
-72
-64
-61
-79
-78
-64
-67
-74
-65
-67
-65
-67
-76
-65
-67
-78
-65
-67
-85
-64
-66
-85
-67
-64
-67
-76
-64
-66
-79
-64
-66
-82
-63
-63
-75
-63
-66
-72
-64
-66
-72
-64
-66
-72
-64
-66
-72
-65
-67
-64
-74
-64
-66
-75
-64
-66
-75
-64
-66
-64
-67
-79
-64
-66
-72
-65
-67
-71
-65
-66
-67
-64
-66
-64
-67
-78
-64
-67
-72
-64
-67
-79
-64
-67
-67
-73
-64
-67
-73
-65
-72
-65
-67
-72
-67
-68
-77
-65
-68
-78
-65
-67
-73
-64
-68
-64
-66
-84
-63
-66
-85
-63
-76
-67
-78
-64
-66
-75
-63
-67
-67
-74
-64
-67
-64
-66
-64
-67
-74
-64
-64
-82
-64
-64
-67
-74
-64
-81
-64
-67
-74
-64
-75
-64
-67
-65
-74
-64
-67
-64
-67
-74
-64
-67
-75
-64
-67
-75
-64
-67
-67
-75
-65
-67
-75
-67
-75
-64
-67
-90
-65
-67
-64
-68
-74
-64
-67
-85
-64
-66
-75
-64
-67
-75
-64
-65
-68
-75
-65
-68
-65
-67
-65
-68
-73
-65
-68
-73
-64
-67
-64
-66
-81
-64
-65
-81
-64
-66
-74
-64
-66
-75
-64
-66
-75
-64
-66
-75
-75
-66
-75
-65
-66
-81
-64
-65
-77
-67
-76
-64
-67
-76
-64
-67
-67
-74
-72
-65
-68
-72
-65
-68
-73
-65
-68
-68
-78
-64
-66
-63
-65
-64
-65
-78
-63
-65
-63
-65
-83
-64
-80
-64
-74
-64
-75
-64
-67
-78
-64
-66
-74
-67
-74
-64
-67
-72
-65
-67
-78
-65
-64
-87
-64
-66
-84
-64
-66
-65
-66
-76
-64
-66
-64
-66
-77
-64
-83
-63
-65
-76
-66
-83
-63
-65
-66
-77
-78
-77
-63
-66
-75
-76
-66
-75
-64
-66
-64
-64
-66
-81
-65
-66
-76
-65
-68
-65
-67
-74
-65
-67
-65
-68
-65
-67
-75
-65
-67
-68
-74
-65
-68
-72
-65
-68
-78
-65
-68
-76
-72
-65
-68
-74
-64
-66
-77
-63
-66
-66
-77
-64
-66
-74
-64
-66
-81
-66
-75
-64
-67
-75
-65
-67
-75
-65
-65
-68
-74
-65
-68
-73
-65
-69
-72
-65
-68
-68
-72
-65
-67
-66
-67
-67
-74
-64
-66
-84
-64
-66
-75
-64
-67
-66
-75
-64
-75
-64
-76
-65
-67
-64
-66
-67
-73
-68
-75
-65
-65
-68
-73
-65
-68
-72
-65
-68
-73
-65
-81
-80
-65
-68
-80
-66
-66
-69
-73
-65
-68
-78
-65
-69
-66
-69
-68
-71
-66
-69
-69
-71
-66
-69
-75
-71
-66
-71
-75
-66
-69
-71
-66
-66
-68
-71
-66
-68
-78
-68
-73
-65
-68
-67
-75
-64
-75
-64
-67
-74
-74
-64
-66
-75
-63
-60
-65
-64
-66
-75
-64
-66
-66
-76
-66
-76
-76
-64
-66
-76
-64
-64
-66
-75
-64
-64
-66
-75
-64
-66
-66
-64
-66
-87
-64
-64
-76
-64
-66
-76
-64
-66
-86
-85
-63
-66
-74
-65
-67
-75
-75
-65
-68
-75
-65
-68
-75
-65
-69
-74
-74
-65
-68
-68
-81
-65
-64
-68
-74
-66
-69
-72
-66
-68
-77
-72
-66
-74
-64
-72
-65
-68
-73
-65
-68
-72
-64
-67
-76
-64
-65
-75
-63
-66
-78
-65
-65
-72
-64
-67
-77
-65
-66
-74
-64
-66
-72
-64
-73
-66
-82
-64
-66
-86
-64
-66
-75
-64
-67
-74
-64
-66
-74
-65
-67
-76
-64
-66
-65
-67
-72
-72
-73
-64
-65
-77
-64
-67
-75
-64
-76
-64
-82
-64
-66
-75
-64
-74
-64
-75
-64
-66
-74
-63
-66
-83
-63
-81
-64
-65
-74
-64
-65
-75
-64
-66
-66
-74
-64
-66
-73
-64
-66
-72
-65
-66
-72
-65
-72
-65
-66
-74
-65
-66
-75
-64
-65
-84
-64
-65
-64
-66
-75
-64
-65
-76
-64
-66
-76
-64
-66
-76
-65
-67
-74
-65
-67
-79
-65
-66
-73
-64
-66
-75
-64
-67
-74
-64
-67
-64
-67
-67
-73
-64
-73
-64
-64
-66
-72
-65
-65
-67
-73
-67
-65
-67
-67
-78
-65
-66
-66
-66
-66
-78
-64
-67
-75
-64
-67
-73
-63
-67
-78
-67
-75
-64
-64
-67
-77
-64
-64
-67
-77
-63
-66
-66
-76
-63
-66
-66
-77
-64
-66
-71
-64
-65
-78
-64
-76
-63
-64
-77
-64
-77
-64
-66
-85
-66
-75
-64
-65
-66
-89
-64
-76
-63
-66
-75
-65
-77
-67
-64
-63
-65
-79
-64
-66
-78
-64
-67
-63
-77
-63
-67
-78
-64
-66
-64
-65
-75
-63
-66
-63
-65
-63
-66
-64
-66
-77
-64
-66
-78
-64
-65
-78
-64
-66
-76
-65
-77
-64
-76
-63
-66
-78
-66
-64
-67
-78
-64
-67
-77
-64
-66
-77
-64
-67
-67
-77
-64
-67
-67
-64
-66
-78
-64
-67
-78
-64
-64
-66
-77
-77
-64
-64
-67
-77
-64
-66
-64
-67
-85
-64
-66
-64
-64
-67
-78
-64
-67
