Starting scan
-64
-66
-64
-69
-66
-64
-66
-64
-70
-66
-64
-70
-66
-64
-70
-66
-64
-69
-69
-66
-64
-70
-66
-64
-69
-65
-69
-65
-64
-72
-66
-63
-71
-68
-63
-71
-66
-63
-71
-66
-66
-63
-71
-66
-64
-71
-66
-64
-71
-67
-72
-72
-67
-64
-71
-71
-63
-71
-66
-63
-71
-66
-66
-71
-64
-70
-66
-64
-72
-66
-64
-72
-66
-71
-66
-66
-64
-70
-67
-64
-70
-66
-64
-70
-64
-70
-66
-63
-71
-63
-70
-66
-71
-66
-64
-70
-66
-70
-66
-63
-70
-66
-63
-70
-66
-63
-70
-66
-63
-70
-67
-63
-70
-66
-63
-70
-67
-63
-70
-63
-70
-66
-63
-70
-66
-70
-66
-66
-63
-69
-66
-63
-71
-63
-70
-66
-63
-70
-66
-63
-70
-66
-71
-64
-70
-66
-64
-70
-66
-63
-70
-66
-63
-70
-66
-64
-70
-66
-64
-72
-66
-63
-70
-66
-64
-70
-66
-63
-70
-66
-63
-70
-66
-64
-70
-66
-64
-70
-70
-66
-64
-71
-66
-64
-70
-67
-64
-70
-66
-64
-64
-70
-66
-64
-70
-66
-64
-64
-70
-66
-64
-70
-64
-70
-66
-64
-70
-71
-66
-64
-70
-66
-64
-70
-66
-64
-70
-66
-64
-70
-66
-63
-70
-64
-66
-64
-71
-66
-64
-70
-66
-64
-71
-66
-64
-70
-66
-64
-70
-66
-64
-70
-66
-64
-64
-71
-66
-64
-70
-66
-64
-70
-66
-64
-70
-66
-70
-66
-64
-70
-64
-70
-64
-70
-66
-64
-66
-70
-66
-64
-70
-66
-71
-70
-67
-63
-66
-64
-70
-67
-64
-70
-70
-70
-66
-64
-70
-66
-64
-71
-66
-69
-66
-64
-69
-66
-64
-70
-66
-70
-66
-64
-70
-66
-64
-70
-66
-66
-64
-70
-66
-64
-70
-67
-64
-70
-66
-64
-71
-66
-64
-69
-66
-64
-69
-66
-64
-70
-66
-64
-70
-70
-66
-64
-70
-66
-64
-71
-66
-64
-70
-66
-66
-64
-70
-66
-64
-70
-66
-64
-70
-66
-64
-66
-64
-71
-66
-64
-70
-66
-67
-64
-70
-67
-64
-70
-66
-64
-66
-66
-64
-70
-66
-64
-70
-66
-64
-70
-66
-70
-70
-67
-64
-67
-64
-66
-64
-70
-66
-64
-70
-71
-66
-64
-70
-67
-64
-71
-66
-64
-66
-71
-66
-63
-71
-67
-71
-66
-64
-64
-71
-66
-64
-71
-66
-64
-71
-66
-64
-71
-66
-66
-64
-71
-66
-64
-71
-66
-64
-64
-71
-66
-64
-71
-64
-71
-67
-64
-64
-71
-66
-64
-71
-66
-64
-70
-66
-72
-66
-64
-71
-66
-64
-70
-66
-64
-70
-66
-64
-71
-73
-65
-65
-73
-65
-65
-73
-65
-64
-64
-65
-66
-74
-67
-62
-73
-65
-69
-68
-66
-70
-71
-66
-64
-72
-67
-65
-77
-68
-70
-65
-74
-68
-64
-71
-66
-65
-72
-66
-65
-71
-67
-65
-72
-67
-65
-67
-65
-72
-68
-65
-71
-68
-65
-73
-68
-66
-74
-68
-65
-65
-73
-69
-65
-71
-68
-65
-71
-68
-65
-70
-67
-64
-69
-67
-64
-70
-67
-65
-71
-66
-65
-65
-66
-65
-60
-73
-65
-66
-71
-64
-65
-66
-71
-65
-66
-71
-65
-66
-72
-65
-64
-66
-72
-64
-66
-71
-65
-66
-71
-65
-70
-64
-65
-69
-63
-64
-69
-65
-64
-69
-66
-64
-69
-64
-69
-64
-64
-64
-70
-63
-64
-70
-63
-70
-63
-65
-70
-71
-64
-65
-70
-63
-59
-71
-64
-65
-70
-71
-64
-65
-71
-64
-65
-71
-64
-64
-65
-71
-64
-65
-70
-64
-65
-71
-64
-65
-72
-65
-65
-70
-64
-71
-65
-71
-65
-65
-71
-65
-65
-65
-71
-64
-64
-65
-70
-65
-65
-70
-64
-65
-70
-64
-65
-70
-64
-65
-70
-65
-65
-70
-64
-69
-69
-65
-70
-64
-65
-65
-70
-65
-64
-69
-64
-69
-62
-62
-64
-68
-75
-67
-65
-70
-71
-66
-65
-73
-66
-75
-74
-65
-65
-72
-66
-75
-65
-66
-76
-65
-64
-70
-68
-65
-73
-69
-67
-79
-63
-63
-66
-73
-63
-66
-73
-63
-66
-66
-63
-67
-63
-67
-77
-63
-66
-63
-63
-66
-64
-66
-71
-64
-66
-71
-64
-66
-72
-64
-66
-71
-63
-66
-66
-71
-63
-66
-71
-63
-65
-63
-65
-72
-62
-75
-63
-71
-67
-64
-69
-66
-64
-70
-67
-65
-73
-67
-65
-74
-66
-66
-74
-66
-66
-76
-65
-67
-81
-65
-66
-65
-64
-64
-72
-63
-64
-64
-65
-70
-69
-65
-70
-67
-65
-71
-65
-63
-71
-66
-64
-64
-75
-70
-65
-64
-72
-67
-65
-70
-66
-64
-69
-64
-63
-69
-64
-63
-64
-70
-64
-63
-64
-63
-69
-64
-63
-69
-64
-63
-64
-63
-69
-65
-63
-69
-64
-63
-68
-63
-68
-64
-63
-63
-68
-64
-63
-68
-68
-63
-69
-63
-63
-70
-64
-63
-69
-64
-64
-63
-68
-64
-63
-68
-64
-63
-68
-64
-64
-63
-69
-65
-63
-69
-64
-63
-69
-63
-70
-64
-63
-63
-69
-70
-65
-63
-65
-69
-66
-64
-70
-65
-69
-64
-63
-69
-64
-63
-69
-64
