Starting scan
-73
-67
-63
-69
-63
-71
-69
-63
-72
-68
-63
-73
-64
-73
-68
-63
-72
-69
-73
-68
-63
-68
-63
-64
-73
-63
-73
-68
-63
-73
-68
-63
-73
-68
-63
-74
-73
-67
-68
-63
-69
-64
-73
-68
-63
-72
-67
-63
-70
-68
-60
-73
-68
-59
-68
-63
-68
-63
-68
-63
-68
-63
-72
-72
-63
-72
-69
-63
-70
-67
-63
-70
-67
-63
-72
-68
-62
-74
-62
-75
-70
-75
-62
-73
-72
-66
-74
-69
-62
-68
-62
-71
-68
-68
-62
-69
-62
-63
-72
-62
-72
-68
-62
-71
-63
-71
-68
-62
-71
-68
-71
-68
-62
-68
-62
-71
-68
-62
-71
-69
-63
-69
-62
-72
-69
-63
-72
-69
-63
-69
-73
-62
-72
-69
-62
-70
-68
-62
-70
-70
-63
-71
-68
-71
-68
-70
-71
-70
-63
-70
-71
-70
-63
-71
-70
-63
-71
-70
-70
-71
-63
-71
-70
-63
-71
-63
-71
-70
-70
-69
-64
-69
-63
-70
-69
-63
-70
-70
-63
-71
-63
-70
-71
-70
-63
-70
-63
-71
-70
-64
-71
-69
-63
-70
-63
-71
-63
-70
-70
-71
-70
-62
-71
-70
-63
-71
-69
-63
-71
-63
-71
-63
-70
-63
-70
-70
-70
-70
-63
-72
-63
-70
-71
-70
-71
-63
-71
-70
-70
-64
-69
-70
-63
-69
-70
-63
-69
-69
-63
-70
-69
-70
-70
-64
-70
-63
-71
-70
-63
-69
-70
-63
-64
-70
-63
-70
-71
-70
-69
-71
-63
-69
-63
-70
-70
-66
-70
-62
-67
-62
-72
-71
-63
-70
-71
-63
-70
-71
-63
-70
-63
-71
-71
-71
-70
-71
-63
-72
-63
-70
-63
-70
-70
-63
-70
-72
-63
-70
-72
-64
-70
-70
-70
-70
-60
-70
-63
-70
-63
-70
-71
-70
-71
-70
-63
-70
-71
-64
-70
-72
-63
-70
-71
-63
-70
-71
-63
-70
-71
-63
-70
-72
-63
-70
-71
-63
-70
-70
-72
-70
-70
-63
-72
-63
-71
-63
-70
-71
-63
-70
-72
-63
-71
-63
-70
-70
-64
-72
-70
-63
-70
-63
-70
-71
-64
-71
-63
-70
-71
-63
-70
-71
-71
-64
-71
-63
-70
-71
-70
-71
-63
-70
-71
-71
-71
-71
-63
-71
-63
-71
-71
-63
-71
-63
-73
-69
-63
-71
-71
-63
-68
-71
-67
-70
-70
-63
-70
-70
-63
-67
-63
-68
-68
-67
-70
-70
-63
-67
-70
-67
-64
-69
-63
-47
-67
-67
-70
-63
-70
-63
-67
-63
-71
-70
-68
-64
-67
-70
-63
-69
-70
-66
-73
-64
-76
-65
-66
-72
-65
-67
-74
-64
-65
-72
-66
-71
-65
-65
-73
-73
-71
-65
-66
-72
-65
-65
-72
-65
-66
-71
-67
-65
-65
-65
-72
-65
-65
-72
-65
-72
-65
-66
